4 9853
0 9490
0 3016
1 1101
3 5337
3 4005
2 4126
2 8939
7 7029
5 9076
8 4419
4 4461
7 2471
9 1482
9 6086
6 1057
8 3720
0 3676
1 3861
5 5321
1 3399
3 5539
2 6811
7 7382
6 5643
5 99
4 9740
7 4783
9 5881
9 8043
8 1555
6 4281
4 4161
1 6862
3 6116
1 1515
6 5829
5 9341
7 7055
8 4015
8 4592
2 293
4 190
6 1059
1 189
6 7951
9 4615
7 2785
9 3352
4 2802
3 2204
8 8604
5 4571
7 4581
8 2377
1 350
0 3016
2 1471
2 1674
4 190
1 7495
4 1557
7 868
9 2970
9 3230
2 1517
8 1095
4 2174
9 4081
7 3613
9 9602
2 9433
6 9418
4 1947
7 2422
6 1735
9 4090
2 8097
8 9563
9 898
7 2674
2 6206
9 571
8 9684
4 3640
7 1782
2 9884
8 2478
6 7332
7 6359
8 6923
2 5398
4 9669
8 2788
6 2327
7 4992
9 8473
2 7482
8 3843
7 1041
4 9631
2 5955
9 8461
6 4689
9 3997
7 2631
9 3553
4 8568
2 1201
8 6881
8 9041
9 7682
6 8639
7 4736
2 9556
4 1712
9 5593
9 9130
6 3138
7 3934
2 1003
9 1189
4 3200
9 6372
6 3356
2 8244
7 2113
2 1471
5 4571
6 3850
1 3759
2 1674
3 7424
0 1317
6 6939
7 564
9 3536
9 2731
1 9858
5 9987
0 7486
6 5338
1 3044
1 4242
2 1517
5 8882
7 1505
8 2290
0 7117
6 4555
2 1626
9 2373
4 7385
3 5728
8 8216
7 5571
0 6092
2 9433
5 2321
9 8909
4 8028
1 6743
8 5714
0 3909
6 7255
9 7706
2 1658
3 8315
7 5506
3 3409
0 1146
8 7703
2 8097
4 7314
9 5072
8 8240
1 9044
0 7826
6 8684
2 782
6 5190
1 2805
0 2129
5 2
2 6206
3 3293
3 9963
7 7278
9 690
9 5666
8 4839
1 704
6 7582
2 7640
6 121
4 5608
0 8735
2 9884
3 943
3 9428
9 6916
9 9513
5 6414
6 6018
6 5665
2 8591
3 6221
2 5398
4 3195
3 2322
9 8968
5 5185
1 309
5 653
8 386
8 1066
9 8175
6 3284
2 1720
2 7482
3 6835
4 3986
9 7345
3 4780
5 1132
5 1208
1 6587
8 6393
6 9516
6 7714
2 5955
3 8443
3 3899
1 4585
6 2386
1 5562
1 4046
2 1201
3 2958
3 5854
4 9853
5 5360
6 690
8 8363
9 2236
4 37
1 7969
6 4021
5 1310
2 9556
3 7299
5 3641
4 4851
9 7059
3 7955
2 216
6 2670
4 8490
8 4054
5 9782
1 5196
2 1003
3 2429
0 709
8 3327
2 9428
3 3424
5 6817
0 6175
6 6121
4 8760
4 2115
1 4545
8 121
2 8244
5 447
8 8790
2 9369
3 6018
0 1525
9 6761
4 8930
4 7714
8 1726
0 957
5 3620
9 8398
6 2254
3 4717
8 4776
2 5747
4 226
4 6965
9 7357
9 3807
0 6820
5 6320
3 9780
6 3651
8 9501
2 1081
4 5551
9 2042
4 3017
5 6484
3 4986
6 6197
8 2819
2 1002
0 3596
9 2589
5 388
4 5022
4 4478
3 719
6 1043
8 2826
8 4782
2 3439
9 3768
0 7159
4 6995
5 2674
3 4194
6 373
8 598
2 3645
0 7549
4 9976
5 3320
8 9862
8 2946
0 7127
6 7407
1 4023
5 976
5 3345
5 532
1 4172
5 3022
5 5521
0 709
5 477
2 9840
2 8319
5 9546
3 2868
3 6919
4 4851
4 8882
0 7728
1 2152
2 7271
2 7115
3 9407
6 7509
5 3608
5 2674
3 8685
9 1245
7 2108
2 790
7 4877
2 8985
0 9299
4 2115
1 4076
4 2074
5 9862
5 5356
6 8936
3 1649
0 828
8 900
7 201
9 6175
7 9180
2 7622
9 1756
2 366
0 5815
4 7714
5 4243
5 4235
3 9122
6 421
1 7264
8 4468
6 1432
9 2523
7 8995
2 1220
0 511
2 7745
4 6965
0 1660
5 532
5 1496
7 5771
3 370
9 1450
1 2676
2 1753
6 5813
8 8816
7 9993
0 9621
0 771
0 5631
1 2553
2 7243
3 9296
0 7955
4 3017
5 8284
2 3552
7 1930
6 4934
8 4765
8 3348
7 4757
3 9551
0 8552
0 1518
2 7904
7 2411
8 7169
8 8911
3 5842
6 202
0 9328
0 9005
2 115
8 3231
8 1187
6 7080
2 4057
5 6121
6 7080
4 5022
8 4270
8 5336
7 6207
6 4064
5 8307
3 5078
2 6784
2 1284
9 6669
0 9357
8 7285
7 7318
5 4760
8 1836
9 7776
6 8952
6 4428
3 9923
2 4861
5 580
9 4466
0 5751
5 4122
8 6007
7 7452
9 3230
6 9860
8 1149
5 3534
2 3972
9 2806
4 1565
5 9869
3 9334
6 2051
1 8192
0 360
9 6931
6 8818
4 5772
4 5249
5 5563
6 670
3 7219
1 6025
8 1043
9 2302
0 5902
5 6946
8 7187
9 9149
2 8567
4 5060
6 1941
6 7139
1 7498
6 5268
3 1059
9 7765
0 1840
5 5260
9 2801
8 4973
8 9416
2 2453
6 6646
4 7898
1 8258
3 2013
6 8339
1 2575
9 3820
4 1691
0 9520
6 9282
5 5943
9 4425
5 7404
8 9314
1 3495
1 6729
4 7372
6 8359
3 8327
6 322
9 8851
0 1793
4 686
5 243
5 2125
8 3124
6 204
3 4131
6 2898
7 7318
0 5505
0 7582
5 537
9 1602
2 6758
4 3502
5 5537
4 3350
3 6794
1 4648
6 5999
8 8263
6 5471
3 7201
7 7452
0 5723
9 5105
5 2016
4 350
1 8050
6 9452
8 7994
6 1794
5 2893
0 4778
3 4961
4 1655
3 4911
5 627
9 5654
0 5743
2 3042
2 2929
8 5936
6 997
5 2222
6 1864
4 1469
5 9505
3 9621
0 5776
2 48
9 1040
4 3857
2 766
3 3520
8 4875
1 613
4 5847
0 3463
3 4550
8 4746
6 507
6 845
0 3685
5 6128
5 6792
2 7729
3 9629
1 6402
4 9168
9 8847
3 3694
6 7600
5 8463
0 829
0 9446
8 1709
2 4866
1 8832
3 433
8 7764
9 1569
4 819
3 8795
2 7872
0 256
5 3480
3 5644
8 7001
2 1466
1 1380
9 2010
0 6415
4 3645
6 6609
2 2638
6 5585
8 6622
0 7795
2 178
3 7365
5 5909
7 8100
1 1559
5 9821
3 6701
9 5779
8 4360
4 9881
1 6729
2 7354
0 5075
6 1417
4 5447
2 3923
8 4048
5 1667
5 118
3 1345
6 8004
3 1357
7 8297
1 3900
6 7700
2 2151
0 8881
8 6835
0 1430
8 5893
5 2179
6 4140
2 8025
3 5438
9 7822
6 7452
0 4842
3 5548
6 7918
0 615
2 379
8 6422
7 3099
8 2366
5 7451
1 3108
2 9010
4 8756
6 4946
9 3258
3 1556
6 1201
3 308
0 646
6 8338
7 4617
2 9541
8 731
0 8710
9 6907
1 2822
4 1429
6 2838
6 3807
6 9041
0 3940
9 6615
0 195
1 6851
9 8623
6 5442
2 5984
6 7139
3 7851
2 7411
8 6269
6 4064
3 8711
0 3928
9 2049
9 8111
6 6709
1 7990
2 3235
7 3555
6 6646
3 7181
2 8312
0 9613
6 8952
8 9232
3 8782
8 5746
9 5934
0 8631
7 7454
3 8104
6 322
2 8993
0 6778
8 3065
2 8880
5 1726
3 6579
4 5484
9 6015
7 4704
8 9357
6 2051
0 3893
2 5011
6 2898
8 6522
2 2804
4 9332
3 9816
5 9334
3 6555
2 251
0 9050
6 5471
7 724
4 4943
8 7258
2 2086
0 8969
3 172
9 455
3 7629
8 7019
9 2470
1 1608
6 1941
2 7877
6 1794
7 1072
0 346
4 8586
5 1643
2 4638
8 142
3 6622
1 1447
3 4556
6 6374
9 8607
2 7629
4 5650
6 997
5 6315
0 4914
4 7919
6 9282
2 9057
8 5006
5 653
2 3299
3 6089
6 6100
9 9565
9 5222
7 9045
4 9941
6 8359
5 5455
2 7672
8 388
6 845
2 422
3 680
5 1941
6 204
4 3367
7 5055
0 6203
6 9413
2 2767
9 8545
9 6646
2 7331
5 1502
8 3789
3 3841
6 5999
4 5023
4 8575
6 8293
5 6647
8 8510
3 3695
9 7139
2 8546
0 8049
6 9452
3 7506
4 9884
5 1420
4 5644
5 9534
6 2804
8 3956
6 5585
9 4054
2 2578
3 2589
5 4446
4 5896
5 9708
7 7450
6 1864
9 1028
5 1762
2 5612
3 8753
8 3353
4 6953
7 9492
6 7700
5 7375
6 8467
6 507
9 3384
4 7879
5 6587
3 2123
2 8358
4 2228
7 5633
6 7918
5 4166
6 7600
6 3624
3 2676
3 6801
2 4695
5 4203
4 7230
7 1117
9 212
6 8338
9 6227
8 5867
6 9648
0 9210
3 164
3 6633
2 7316
5 1370
7 2379
6 9041
5 7185
9 4282
6 5724
6 6609
0 1427
2 1185
8 1827
7 2558
1 391
4 9830
6 8557
9 7324
8 3619
6 1417
2 3576
7 9338
5 6302
1 5367
9 2840
1 1557
6 6014
7 8859
1 9023
8 1162
6 4140
1 2168
6 8239
5 1310
9 3752
8 9964
7 1869
6 1201
6 8427
5 6604
8 7862
6 3807
6 6058
1 9023
4 4203
6 7139
6 3466
1 7657
4 4751
6 6646
6 6064
1 3787
0 8259
4 8573
3 5455
2 3645
6 322
1 1291
4 4203
1 9734
7 6471
0 561
9 1126
1 6040
6 2898
0 6423
1 3536
1 3260
4 4751
6 5471
0 5718
0 2455
1 8302
1 4692
4 8573
0 1832
6 1794
1 2614
1 1910
6 8059
0 2179
6 997
0 8508
0 7404
1 1815
4 4897
0 3843
1 5352
7 1405
6 845
1 574
4 1080
0 7447
7 2244
1 2625
1 5978
0 6942
4 9367
1 2196
4 4897
0 8493
4 6699
1 9699
6 3334
4 1080
0 6303
1 8630
4 9367
1 5564
0 7571
7 9954
1 6026
1 8060
4 6699
1 6692
1 854
1 5177
6 7978
6 7918
1 9448
6 8338
6 9041
7 1725
6 8557
7 5957
4 6859
4 5281
4 2109
4 6859
6 9353
4 5281
